Epoch: 000, Train Loss: 0.055533, Test Loss: 0.056853
Epoch: 001, Train Loss: 0.029492, Test Loss: 0.030115
